9
12
12
12
12
12
12
12
12
12
12
12
12
12
12
12
12
12
12
10
15
4
2
2
2
2
2
2
2
2
2
2
2
2
2
2
2
2
5
13
15
3
0
0
0
0
0
0
0
0
0
0
0
0
0
0
0
0
3
13
15
3
0
0
0
12
12
12
12
12
12
12
12
12
0
0
0
0
3
13
15
3
0
0
15
1
0
0
0
1
0
0
0
1
13
0
0
0
3
13
15
3
0
0
15
0
0
0
0
14
0
0
0
0
13
0
0
0
3
13
15
3
0
0
15
0
0
0
0
0
0
0
0
0
13
0
0
0
3
13
15
3
0
0
15
1
0
0
0
0
0
0
0
1
13
0
0
0
3
13
15
3
0
0
0
1
0
0
0
0
0
0
0
1
0
0
0
0
3
13
15
3
0
0
0
8
1
0
0
0
0
0
1
11
0
0
0
0
3
13
15
3
0
0
0
0
8
1
0
0
0
1
11
0
0
0
0
0
3
13
15
3
0
0
0
0
0
8
1
0
1
11
0
0
0
0
0
0
3
13
15
3
0
0
0
0
0
0
8
1
11
0
0
0
0
0
0
0
3
13
15
3
0
0
0
0
0
0
0
14
0
0
0
0
0
0
0
0
3
13
15
3
0
0
0
0
0
0
0
0
0
0
0
0
0
0
0
0
3
13
15
3
0
0
0
0
0
0
0
0
0
0
0
0
0
0
0
0
3
13
15
3
0
0
0
0
0
0
0
14
0
0
0
0
0
0
0
0
3
13
15
3
0
0
0
0
0
0
0
0
0
0
0
0
0
0
0
0
3
13
15
7
2
2
2
2
2
2
2
2
2
2
2
2
2
2
2
2
6
13
8
14
14
14
14
14
14
14
14
14
14
14
14
14
14
14
14
14
14
11
