1
1
1
1
1
1
1
1
1
1
18
14
19
1
1
1
1
1
1
1
1
18
1
1
1
16
1
1
1
18
11
0
8
19
1
1
1
17
1
1
1
1
1
1
1
1
1
1
1
13
0
0
0
15
18
14
14
14
14
14
1
1
18
14
14
14
14
14
19
17
12
12
12
16
13
0
0
0
0
0
1
1
13
0
0
0
0
0
8
14
14
14
14
14
11
0
0
4
2
2
1
1
17
10
0
4
2
2
2
2
2
2
2
2
5
0
0
3
0
0
1
1
1
13
0
3
9
12
12
12
12
12
10
0
3
0
0
3
0
0
1
1
1
17
10
3
15
18
14
19
1
1
17
10
3
0
0
3
0
0
1
16
1
1
13
3
15
13
0
15
4
2
2
2
2
2
2
6
0
0
1
1
1
17
13
3
15
13
0
15
3
9
12
10
3
12
10
0
9
12
1
18
1
1
13
3
15
17
12
16
3
15
16
13
3
1
17
12
16
1
1
18
14
14
11
3
8
14
19
1
3
15
17
13
3
1
1
1
1
1
1
13
0
0
0
3
0
0
15
1
3
15
16
13
3
14
19
1
1
1
1
13
0
0
0
3
0
0
15
1
3
15
17
13
3
0
15
1
18
1
1
13
0
0
0
3
0
0
15
1
3
8
14
11
3
0
15
1
1
1
1
13
0
0
0
3
0
0
15
1
7
2
2
2
6
0
15
1
1
1
14
11
0
0
0
3
0
9
1
1
17
10
0
0
0
0
15
1
19
1
0
0
0
0
0
3
0
15
1
1
1
17
10
0
9
12
16
1
1
1
2
2
2
2
2
6
0
15
18
17
1
1
17
12
16
1
1
1
17
1
0
0
0
0
0
0
9
16
1
1
1
1
1
1
1
1
1
1
1
1
0
18
19
4
